 -0.5215 -0.5476  0.6544
 -0.4338  0.8306  0.3492
  0.7347  0.1017  0.6707

 -0.1695  0.2980  0.3431  0.1744  0.8569
 -0.3270  0.3964  0.6110  0.3174 -0.5117
  0.6053  0.5679  0.1882 -0.5230 -0.0467
  0.5846 -0.5363  0.5372  0.2850  0.0291
 -0.3951 -0.3794  0.4301 -0.7170  0.0275

  0.1790  0.2428 -0.0738 -0.0328 -0.0892  0.0070 -0.2775 -0.3004  0.2168 -0.3165 -0.1151  0.2481  0.2865 -0.2128 -0.0314  0.1946  0.2605  0.3262 -0.3326  0.2328
  0.0474 -0.0337 -0.0909  0.3141  0.2928  0.0239 -0.2157 -0.1005 -0.3163 -0.0175  0.3253  0.1880  0.2776 -0.2835 -0.1710 -0.1501  0.0608 -0.4819  0.1012  0.2234
  0.2226 -0.0346  0.0412 -0.0651  0.2650  0.3299 -0.2166  0.3280  0.5863 -0.1866 -0.1407  0.0436  0.0174  0.1106 -0.2766 -0.1518 -0.0232 -0.1327  0.2813 -0.0071
 -0.0334  0.2961 -0.0165 -0.0770  0.2833  0.0434  0.0411 -0.1983 -0.1062 -0.1496  0.1834  0.3266 -0.2063 -0.0559  0.1706 -0.4179 -0.2450  0.4385  0.3176 -0.0722
  0.1970  0.3069  0.3180 -0.0729 -0.4399  0.1519  0.1776  0.2173 -0.0277  0.1815  0.3620  0.1556  0.2826  0.0273 -0.2477  0.0864 -0.3167  0.0660  0.0563  0.1378
  0.0873 -0.2269 -0.5449 -0.0944 -0.0013 -0.1199  0.1955 -0.0606  0.1250 -0.1926  0.4090  0.0852 -0.1936  0.1386 -0.4006  0.0480 -0.2043  0.0297 -0.2883 -0.0792
  0.3395  0.0078 -0.2028  0.3428 -0.1760  0.3731  0.2712  0.0232 -0.2668 -0.0602 -0.4852  0.2733 -0.1119  0.1030  0.0256 -0.1618 -0.1051 -0.0925 -0.1653  0.0063
  0.4924 -0.2804  0.1603 -0.0486 -0.1189 -0.1900  0.2364 -0.3039 -0.1020 -0.2590 -0.0236 -0.3807  0.0612 -0.0417 -0.1418 -0.1484  0.1264  0.1124  0.3607  0.1520
  0.0739  0.0551 -0.0953 -0.4064  0.1485 -0.0039  0.1528 -0.1165 -0.1004  0.3140  0.0004  0.2762  0.1801  0.5337 -0.0400 -0.1027  0.4719 -0.0767  0.0511  0.1126
  0.3505 -0.0891 -0.4517 -0.1056  0.0409 -0.1825 -0.0061  0.2387  0.1195  0.4922 -0.0742 -0.0028  0.1970 -0.3895  0.2423 -0.0319 -0.0909  0.1647  0.1191  0.0134
  0.1103  0.3130 -0.0063  0.1705  0.4932  0.0352  0.4018  0.1963 -0.0403 -0.1755  0.0889 -0.3419  0.3660  0.0941  0.1105  0.1109  0.0341  0.0958 -0.2165 -0.1857
  0.2986  0.2053  0.0497  0.3191  0.0898 -0.1077 -0.2375 -0.3231  0.0135  0.3166 -0.0107  0.0251 -0.1404  0.1488 -0.2425  0.3370  0.0034  0.0390  0.1636 -0.4902
  0.1428  0.3215 -0.2609  0.1167 -0.0224  0.0463 -0.2901  0.0328 -0.0507  0.0199  0.1247 -0.3664 -0.2752  0.3507  0.2043  0.0981 -0.1032 -0.0157  0.0655  0.5373
  0.3707  0.1514  0.3178 -0.4125  0.2470 -0.0537  0.0190 -0.0902 -0.0132  0.0843 -0.0188 -0.0115 -0.3759 -0.2384  0.0528 -0.0319 -0.1338 -0.3244 -0.4021  0.0404
 -0.1809  0.5605 -0.2717 -0.1430 -0.2252 -0.3263  0.1139 -0.0633  0.0748 -0.1287 -0.2782 -0.1254  0.0643 -0.1168 -0.2181 -0.2020 -0.0252 -0.3491  0.1629 -0.1191
 -0.2526  0.0473 -0.0940 -0.0883  0.2154  0.3704  0.3554 -0.2225  0.0250  0.1875 -0.1416 -0.0651 -0.1523 -0.2989 -0.2742  0.4062 -0.0002  0.0695  0.2232  0.3007
 -0.1130 -0.1643  0.0983 -0.0306  0.2432 -0.2610 -0.1017 -0.2027 -0.0127  0.0910 -0.3593  0.0241  0.3345  0.2601 -0.1393 -0.0062 -0.6110  0.0519 -0.0975  0.2198
  0.0782 -0.0296  0.0546  0.1237  0.0195 -0.3235  0.2928  0.0106  0.2520 -0.2280  0.0408  0.4069 -0.0592  0.0800  0.3952  0.4133 -0.0716 -0.2767  0.2605  0.1209
  0.0105 -0.0655 -0.1544 -0.2227 -0.1486  0.4535 -0.0491 -0.4599  0.1378 -0.0367  0.1427 -0.1602  0.2782  0.0475  0.3812  0.0239 -0.2258 -0.2635  0.0480 -0.2567
  0.0889 -0.0271 -0.1249 -0.4135  0.0443  0.0503 -0.2552  0.2830 -0.5311 -0.3300 -0.1231  0.0591  0.0488 -0.0032 -0.0446  0.3983 -0.0900  0.0223  0.2074 -0.1755

